0
5408224
10819236
16239066
21648319
27067084
32495474
37909694
43329462
48739497
54157830
59574654
64981888
70378797
75790638
81206953
86619403
92020130
97436936
102852268
108255601
113663137
119077718
124493080
129905231
135330847
140763187
146192503
151610220
157020978
162437661
167857562
173264727
178677584
184080344
189491598
194903498
200315858
205735676
211154283
216561526
221963497
227385992
232797493
238211770
243619792
249042055
254455252
259870168
265288038
270700033
276107080
281531656
286949450
292373746
297790604
303209832
308620685
314029919
319451585
324856484
330261123
335655059
341063316
346483979
351898835
357317805
362732131
368142262
373556233
378967274
384381619
389800285
395213224
400633586
406046301
411462035
416874386
422289880
427705777
433118222
438545558
438545558
